3.430
2.966
3.430
2.966
3.967
3.440
3.961
3.435
2.971
3.435
3.961
3.435
4.588
3.973
3.440
3.435
3.956
3.425
2.569
3.425
3.961
3.425
3.430
2.962
3.430
3.435
2.966
3.415
2.971
2.966
2.958
2.224
3.435
3.967
2.565
2.962
2.565
2.966
2.971
2.221
4.588
4.595
3.425
3.421
2.561
2.561
2.953
2.962
2.569
2.971
3.425
3.420
3.425
3.430
3.956
3.961
4.581
3.435
3.967
3.430
3.435
3.961
3.435
3.435
2.958
2.565
2.561
2.569
2.218
2.971
3.415
2.561
2.962
2.962
2.962
2.561
2.971
3.420
3.425
3.421
2.966
2.966
2.962
3.435
2.962
3.420
3.425
3.430
2.975
5.298
4.595
3.979
4.568
4.595
3.956
3.420
4.575
5.290
3.967
3.416
12.600
5.306
6.199
4.588
4.581
4.575
3.421
4.561
4.581
6.127
7.086
4.595
4.588
7.086
6.118
6.145
2.224
4.575
8.182
16.950
9.504
9.490
8.206
9.476
7.106
7.096
7.127
7.086
8.182
8.194
8.182
9.476
9.476
8.230
8.194
25.988
6.118
8.206
8.194
10.975
6.136
8.194
6.163
6.127
7.086
7.096
4.588
6.136
8.182
8.194
5.306
6.127
6.145
8.206
6.127
7.096
16.925
19.545
9.518
9.476
6.127
9.449
11.055
9.476
5.321
22.669
9.504
5.298
3.979
5.306
6.118
8.194
6.145
9.531
14.614
26.101
12.655
7.116
9.518
9.532
7.086
7.086
8.218
9.518
19.659
9.531
26.178
12.674
19.630
12.692
10.927
9.490
8.206
8.182
12.710
7.127
14.657
10.975
7.106
7.106
7.106
6.145
9.462
7.086
8.194
12.637
8.206
7.096
19.602
9.490
12.674
9.490
12.710
14.635
12.655
10.959
16.876
9.504
14.678
9.476
9.463
14.657
9.504
14.657
12.692
14.657
12.692
12.655
14.635
26.139
26.178
22.636
8.218
8.218
12.674
12.655
9.504
10.959
10.959
8.194
8.242
9.490
8.242
10.943
19.573
9.504
14.635
8.266
2.953
70.959
22.636
19.630
1.918
2.958
2.966
1.438
4.581
19.460
4.642
