34.706
29.967
25.988
19.375
19.375
12.545
25.988
22.407
19.403
16.778
19.432
19.403
19.403
19.375
19.319
22.472
19.460
22.472
22.439
22.504
22.472
25.950
25.913
22.472
19.431
16.778
19.375
25.800
16.802
22.406
16.778
19.403
5.252
7.075
25.988
22.439
62.076
5.275
8.147
8.159
6.083
8.088
8.064
7.014
7.034
7.014
4.548
3.927
9.312
34.555
34.756
46.214
46.416
46.483
22.406
22.374
19.403
19.403
22.407
22.407
19.460
16.803
19.375
19.403
19.432
16.754
14.508
16.778
14.551
16.778
22.407
16.827
8.123
6.083
5.275
6.993
12.527
8.088
3.921
4.561
5.275
4.561
5.244
5.244
7.065
12.563
12.509
12.545
16.778
16.778
16.730
7.044
6.082
19.319
8.158
19.347
19.375
14.487
12.545
16.754
19.403
25.950
25.950
30.010
40.020
25.913
22.537
5.260
4.548
3.933
3.401
6.074
3.386
2.554
6.136
10.848
10.785
8.147
12.563
10.816
4.535
3.921
5.252
9.476
3.921
3.396
1.644
1.422
1.890
3.916
7.004
2.572
3.376
3.396
2.945
2.532
1.898
1.639
1.901
12.346
19.432
22.244
6.074
2.221
2.550
1.898
2.192
1.637
1.233
1.058
1.058
1.058
1.226
1.639
1.229
1.426
1.226
2.192
1.646
1.058
1.422
1.069
1.226
1.229
1.904
1.224
1.646
1.907
1.893
1.904
1.227
1.226
1.224
1.646
1.229
1.420
1.644
1.226
1.058
0.918
1.058
3.352
1.420
0.919
1.646
1.907
1.644
1.646
1.226
1.424
1.637
1.893
1.644
1.417
1.896
2.189
2.199
1.235
3.927
2.543
1.634
1.227
1.646
1.424
1.644
1.229
3.950
2.186
1.896
1.904
1.898
1.639
1.061
1.417
1.646
1.413
1.426
1.233
1.418
1.417
1.646
1.646
1.642
1.904
1.422
1.229
1.058
1.637
1.058
0.920
1.229
0.916
0.918
0.918
1.222
1.060
1.226
1.226
1.637
0.792
1.229
1.424
1.896
1.642
1.898
1.226
1.417
1.417
1.887
1.426
0.918
0.919
0.794
0.686
0.791
0.687
0.795
0.792
0.916
0.686
