-331.202272 84.460827875
-331.202272 84.460827875
-244.5510245 62.798016
-244.5510245 63.284303
-244.5510245 63.284303
-244.5510245 63.284303
-242.6006965 63.284303
-242.6006965 63.284303
-179.8020765 47.584648
-179.8020765 47.584648
-179.8020765 47.584648
-179.8020765 47.584648
-179.8020765 47.584648
-179.8020765 47.584648
-179.8020765 47.584648
-179.8020765 47.956196
-183.2621725 47.956196
-183.2621725 47.956196
-183.2621725 47.956196
-135.77461 36.084305375
-135.77461 36.084305375
-135.77461 35.712757375
-135.77461 35.712757375
-135.77461 35.712757375
-135.77461 35.712757375
-135.77461 35.712757375
-135.77461 35.712757375
-135.77461 35.712757375
-183.82528 47.725424875
-183.82528 47.725424875
-183.82528 47.725424875
-183.82528 47.725424875
-183.82528 47.239137875
-180.341262 47.239137875
-180.341262 47.239137875
-180.341262 47.239137875
-180.341262 47.239137875
-179.7781545 47.098361
-179.7781545 47.098361
-179.7781545 47.098361
-179.7781545 47.098361
-179.7781545 47.098361
-179.7781545 47.098361
-179.7781545 47.098361
-179.7781545 47.098361
-179.7781545 47.584648
-179.7781545 47.584648
-179.7781545 47.584648
-179.7781545 47.584648
-179.7781545 47.584648
-179.7781545 47.584648
-179.7781545 47.584648
-179.7781545 47.584648
-179.7781545 47.584648
-179.7781545 47.584648
-179.7781545 47.584648
-179.7781545 47.584648
-179.7781545 47.584648
-179.7781545 47.584648
-179.7781545 47.584648
-179.7781545 47.584648
-179.7781545 47.584648
-179.7781545 46.428333125
-179.7781545 46.428333125
-179.7781545 46.428333125
-181.7662365 46.428333125
-181.7662365 46.428333125
-181.2233445 46.292610125
-181.2233445 46.292610125
-181.2233445 46.292610125
-181.2233445 46.950737
-181.2233445 46.950737
-179.2113045 46.950737
-179.2113045 46.950737
-179.2113045 46.950737
-178.1278725 46.679879
-178.1278725 46.679879
-178.1278725 47.173770125
-178.1278725 47.173770125
-178.1278725 47.173770125
-178.1278725 47.173770125
-244.011384 63.644648
-244.011384 63.644648
-244.011384 63.644648
-244.011384 63.644648
-244.011384 63.648944875
-241.3185715 63.648944875
-241.3185715 63.648944875
-241.3185715 63.648944875
-241.3185715 63.648944875
-241.3185715 63.648944875
-241.3185715 63.648944875
-241.3185715 63.648944875
-241.3185715 63.648944875
-241.3185715 63.648944875
-241.3185715 63.648944875
-178.1689795 47.861546875
-178.1689795 47.380208
-178.1689795 47.380208
-178.1689795 47.380208
-182.89455 47.380208
-182.89455 47.380208
-246.044142 63.167606
-246.044142 63.167606
-246.044142 63.167606
-246.044142 63.657519875
-246.044142 63.657519875
-248.667192 63.657519875
-248.667192 63.657519875
-248.667192 63.657519875
-248.667192 63.657519875
-247.9261605 63.472262
-247.9261605 63.472262
-247.9261605 64.11362
-247.9261605 64.11362
-240.6375285 64.11362
-240.6375285 64.11362
-240.6375285 64.11362
-242.098176 64.478781875
-242.098176 63.837423875
-242.098176 63.837423875
-242.098176 63.837423875
-242.098176 63.837423875
-246.0268795 63.657519875
-246.0268795 63.657519875
-246.0268795 63.657519875
-246.0268795 63.162657875
-246.0268795 63.162657875
-246.0268795 63.162657875
-241.37856 63.162657875
-325.584418 84.214122375
-325.584418 84.214122375
-325.584418 84.214122375
-325.584418 84.214122375
-325.584418 84.708984375
-330.2327375 84.708984375
-330.2327375 84.708984375
-329.273272 84.469118
-329.273272 84.469118
-329.273272 84.464833625
-329.273272 84.464833625
-329.273272 84.464833625
-327.3056565 84.464833625
-327.3056565 84.464833625
-327.3056565 84.464833625
-244.059264 63.6532355
-244.059264 64.0271675
-244.059264 64.0271675
-244.059264 64.0271675
-244.059264 64.0271675
-244.011384 64.0271675
-180.2978725 48.098789625
-180.2978725 48.098789625
-180.2978725 48.098789625
-180.2978725 47.724857625
-180.2978725 47.724857625
-182.3306305 47.724857625
-182.3306305 47.724857625
-182.3306305 47.724857625
-134.299392 35.717048
-134.299392 35.717048
-134.299392 35.712757375
-134.3166295 35.712757375
-134.3166295 35.712757375
-181.2613 47.448925
-181.2613 47.448925
-181.2613 47.448925
-181.2613 47.824183625
-181.2613 47.824183625
-181.2613 47.824183625
-181.2613 47.824183625
-181.2613 47.824183625
-181.2785125 47.824183625
-181.2785125 47.824183625
-181.2785125 47.824183625
-181.2785125 47.824183625
-181.2785125 47.824183625
-181.2785125 47.824183625
-181.2785125 47.824183625
-181.2785125 47.824183625
-181.2785125 47.824183625
-181.2785125 47.824183625
-326.4032 84.1053555
-326.4032 84.1053555
-326.4032 84.1053555
-326.4032 84.1053555
-326.4032 84.1053555
-326.4032 84.1053555
-326.4032 83.747221875
-326.4032 83.747221875
-326.4032 83.747221875
-326.4032 83.747221875
-326.4032 83.747221875
-327.855928 83.747221875
-327.855928 83.747221875
-327.855928 83.747221875
-327.855928 83.747221875
-327.855928 83.747221875
-327.855928 83.747221875
-136.18953 35.830622375
-136.18953 35.830622375
-136.18953 36.185045375
-136.18953 36.185045375
-136.18953 36.185045375
-136.18953 36.185045375
-136.201474 36.185045375
-136.201474 36.185045375
-136.201474 36.185045375
-136.201474 36.185045375
-136.201474 36.185045375
-246.06229 63.650249375
-246.06229 63.650249375
-246.06229 63.650249375
-246.06229 63.650249375
-246.06229 63.650249375
-246.06229 63.650249375
-246.06229 63.65396
-246.06229 63.65396
-246.06229 63.65396
-246.06229 63.65396
-246.06229 63.65396
-242.5981975 63.65396
-242.5981975 63.65396
-242.5981975 63.65396
-132.3344215 36.088016
-132.3344215 36.088016
-132.3344215 36.088016
-132.3344215 36.088016
-132.3344215 36.088016
-132.3344215 36.09394
-132.3344215 36.09394
-132.3344215 36.09394
-132.3344215 36.09394
-132.3344215 36.09394
-129.6936295 36.09394
-129.6936295 36.09394
-129.6936295 36.09394
-129.6936295 36.09394
-177.181192 47.965830625
-177.181192 47.965830625
-177.181192 47.965830625
-177.181192 47.965830625
-177.181192 47.965830625
-177.181192 47.965830625
-177.181192 48.441279125
-177.181192 48.441279125
-177.181192 48.441279125
-177.181192 48.441279125
-177.1213725 48.441279125
-177.1213725 48.441279125
-177.1213725 48.441279125
-177.1213725 48.441279125
-177.1213725 48.441279125
-2.67492 4.829666
-2.67492 4.829666
-2.67492 4.829666
-2.67492 4.829666
-2.67492 4.829666
-2.67492 3.973034875
-2.67492 3.973034875
-2.67492 3.973034875
-2.67492 3.973034875
-2.67492 3.973034875
-8.8007475 3.973034875
-8.8007475 3.973034875
-8.8007475 3.973034875
-8.8007475 3.973034875
-8.8007475 3.973034875
-20.036808 6.78205
-20.036808 6.78205
-20.036808 6.78205
-20.036808 6.78205
-20.036808 6.289817
-20.036808 6.289817
-20.036808 6.289817
-20.036808 6.289817
-20.036808 6.289817
-16.5438045 6.289817
-16.5438045 6.289817
-16.5438045 6.289817
-16.5438045 6.289817
-16.5438045 6.289817
-329.204064 84.454881875
-329.204064 84.454881875
-329.204064 84.454881875
-329.204064 84.454881875
-329.204064 84.454881875
-329.204064 85.599614875
-329.204064 85.599614875
-329.204064 85.599614875
-329.204064 85.599614875
-329.228022 85.599614875
-329.228022 85.599614875
-329.228022 85.599614875
-329.228022 85.599614875
-329.228022 85.599614875
-243.2943105 64.116187
-243.2943105 64.116187
-243.2943105 64.116187
-243.2943105 64.116187
-243.2943105 64.116187
-243.2943105 63.841909625
-243.2943105 63.841909625
-243.2943105 63.841909625
-243.2943105 63.841909625
-243.2943105 63.841909625
-240.605248 63.841909625
-240.605248 63.841909625
-240.605248 63.841909625
-240.605248 63.841909625
-240.605248 63.841909625
-1915.5657755 482.5820415
-1915.5657755 482.5820415
-1915.5657755 482.5820415
-1915.5657755 482.5820415
-1915.5657755 482.5820415
-1915.5657755 482.856318875
-1915.5657755 482.856318875
-1915.5657755 482.856318875
-1915.5657755 482.856318875
-1920.263638 482.856318875
-1920.263638 482.856318875
-1920.263638 482.856318875
-1920.263638 482.856318875
-1920.263638 482.856318875
-7.4615625 4.6558
-7.4615625 4.6558
-7.4615625 4.6558
-7.4615625 4.6558
-7.4615625 4.6558
-7.4615625 4.378558625
-7.4615625 4.378558625
-7.4615625 4.378558625
-7.4615625 4.378558625
-7.4615625 4.378558625
-7.4615625 4.378558625
-7.4615625 4.378558625
-7.4615625 4.378558625
-8.9606845 4.378558625
-28.2346765 9.197056625
-28.2346765 9.197056625
-28.2346765 9.197056625
-28.2346765 9.197056625
-28.2346765 9.197056625
-28.2346765 9.197056625
-28.2346765 9.193346
-28.2346765 9.193346
-28.2346765 9.193346
-28.2346765 9.193346
-28.2346765 9.193346
-28.2346765 9.193346
-28.2346765 9.193346
-28.2346765 9.193346
-28.2346765 9.193346
-28.2346765 9.193346
-28.2346765 9.193346
-22.037692 9.193346
-22.037692 9.193346
-22.037692 9.193346
-22.037692 9.193346
-22.135528 9.217805
-22.135528 9.217805
-22.135528 9.217805
-22.135528 9.217805
-22.135528 9.217805
-22.135528 9.704555
-22.135528 9.704555
-22.135528 9.704555
-22.135528 9.704555
-22.135528 9.704555
-13.793356 9.704555
-13.793356 9.704555
-13.793356 9.704555
-13.793356 9.704555
-13.793356 9.704555
0.98984 6.008756
0.98984 6.008756
0.98984 6.008756
0.98984 6.008756
0.98984 6.008756
0.98984 6.008756
0.98984 6.008756
0.98984 6.008756
0.98984 3.994143125
0.98984 3.994143125
0.98984 3.994143125
0.98984 3.994143125
0.98984 3.994143125
0.98984 3.994143125
0.98984 3.994143125
0.98984 3.994143125
0.98984 3.994143125
-13.2165875 7.54575
-13.2165875 7.54575
-13.2165875 7.54575
-13.2165875 7.54575
-13.2165875 7.537714875
-13.2165875 7.537714875
-13.2165875 7.537714875
-13.2165875 7.537714875
-13.2165875 7.537714875
-13.2165875 7.537714875
-13.2165875 7.537714875
-21.5587595 7.537714875
-21.5587595 7.537714875
-21.5587595 7.537714875
-21.5587595 7.537714875
-21.3649355 7.489258875
-21.3649355 8.662183875
-21.3649355 8.662183875
-17.7722635 8.662183875
-17.7722635 8.662183875
-9.8563135 6.683196375
-9.8563135 6.683196375
-9.8563135 6.683196375
-9.8563135 6.683196375
-9.8563135 6.686619375
-9.8563135 6.686619375
-9.81893 6.686619375
-9.95941 6.721739375
-9.95941 6.721739375
-9.95941 6.721739375
-9.95941 6.721739375
-9.95941 6.721739375
-9.95941 6.721739375
-9.95941 6.721739375
-9.95941 6.721739375
-9.95941 6.721739375
-9.95941 7.364804375
-9.95941 7.364804375
-9.95941 7.364804375
-9.95941 7.364804375
-9.95941 7.364804375
-9.95941 7.364804375
-5.2472935 7.364804375
-5.2472935 7.364804375
-5.2472935 7.364804375
-5.2472935 7.364804375
-5.2472935 7.364804375
-5.1068135 7.329684375
-5.1068135 7.329684375
-5.1068135 7.329684375
-5.1068135 7.329684375
-5.1068135 7.329684375
-5.1068135 7.329684375
-5.1068135 7.329684375
-5.1068135 7.329684375
-16.090096 7.329684375
-16.090096 7.329684375
-16.090096 7.329684375
-1.83415 3.765697875
-1.83415 3.765697875
-1.83415 3.495511875
-1.83415 3.495511875
-1.882102 3.495511875
-1.882102 3.495511875
-1.882102 3.495511875
-1.882102 3.495511875
-1.882102 3.495511875
-1.882102 3.495511875
-1.882102 3.495511875
-1.882102 3.495511875
-1.882102 3.495511875
-1.882102 3.495511875
0.7493855 2.83764
0.7493855 2.83764
0.7493855 2.83764
0.7493855 2.83764
0.7493855 2.83764
0.7493855 2.83764
0.7493855 2.83764
0.7493855 2.830985625
0.7493855 2.830985625
0.7493855 2.830985625
0.7493855 2.830985625
0.7493855 2.830985625
0.7493855 2.830985625
-2.785352 2.830985625
-2.785352 2.830985625
-38.4313595 11.7424875
-38.4313595 11.7424875
-38.4313595 11.7424875
-38.4313595 11.7424875
-38.4313595 12.014197875
-28.82227 12.014197875
-28.82227 12.014197875
-28.82227 12.014197875
-28.82227 12.014197875
-582.4896105 150.431033
-582.4896105 150.152648
-582.4896105 150.152648
-582.4896105 150.152648
-582.4896105 150.152648
-593.1854845 150.152648
-600.15124 151.894086875
-600.15124 151.894086875
-600.15124 151.531113875
-600.15124 151.531113875
-600.15124 151.531113875
-600.161568 151.531113875
-600.161568 151.531113875
-1064.038698 267.500396375
-1064.038698 267.500396375
-1064.038698 267.5046745
-1064.038698 267.5046745
-1064.038698 267.5046745
-1064.038698 267.5046745
-1061.4328855 267.5046745
-1070.7885155 269.843582
-1070.7885155 269.843582
-1070.7885155 269.839303875
-1070.7885155 269.839303875
-1070.7885155 269.839303875
-1072.2972155 269.839303875
-1075.409332 270.617333
-1075.409332 270.617333
-1075.409332 270.617333
-1075.409332 270.613048625
-1075.409332 270.613048625
-1075.409332 270.613048625
-1073.900632 270.613048625
-1073.900632 270.613048625
-1073.900632 270.613048625
-244.5804055 63.282992
-244.5804055 62.7973625
-244.5804055 62.7973625
-244.5804055 62.7973625
-244.5804055 62.7973625
-244.5804055 62.7973625
-244.5804055 62.7973625
-244.5804055 62.7973625
-244.5804055 62.7973625
-244.5804055 62.7973625
-244.597618 62.7973625
-243.881138 62.6182425
-243.881138 62.6182425
-243.881138 62.613294375
-243.881138 62.613294375
-243.881138 62.613294375
-245.34581 62.613294375
-245.34581 62.613294375
-245.34581 62.613294375
-245.34581 62.613294375
-245.34581 62.613294375
-245.34581 62.613294375
-183.2860765 47.098361
-183.2860765 47.098361
-183.2860765 47.098361
-183.2860765 47.098361
-183.2860765 46.436356
-183.300984 46.436356
-183.300984 46.436356
-183.300984 46.436356
-183.300984 46.436356
-183.300984 46.436356
-183.300984 47.584648
-183.300984 47.584648
-183.300984 47.584648
-185.249524 47.584648
-185.249524 47.584648
-248.048144 63.284303
-248.048144 62.79207
-248.048144 62.79207
-248.048144 62.79207
-247.2086245 62.79207
-247.2086245 62.79207
-247.2086245 62.79207
-247.2086245 62.79207
-247.2086245 62.79207
-247.2086245 63.288593625
-247.2086245 63.288593625
-248.0414465 63.288593625
-248.0414465 63.288593625
-248.0414465 63.288593625
-186.350422 47.8658375
-186.350422 47.8658375
-186.350422 47.861546875
-186.350422 47.861546875
-186.350422 47.861546875
-186.3437155 47.861546875
-138.16832 35.817698
-138.16832 35.817698
-138.16832 35.817698
-138.16832 35.817698
-138.16832 35.817698
-138.16832 35.817698
-138.16832 35.817698
-138.16832 35.817698
-138.16832 35.817698
-138.16832 35.817698
-138.16832 35.817698
-138.16832 35.817698
-138.16832 35.817698
-138.16832 35.817698
-138.16832 35.817698
-138.16832 35.817698
-138.16832 35.817698
-138.16832 35.331411
-134.736392 35.331411
-181.2613 46.962638
-181.2613 46.962638
-181.2613 46.962638
-181.2613 46.962638
-181.2613 46.962638
-181.2613 46.962638
-181.2613 46.962638
-181.2613 46.962638
-181.2613 46.962638
-181.2613 46.962638
-181.2613 46.962638
-179.7781545 47.584648
-185.23612 47.584648
-185.7992275 48.1066075
-183.8759995 48.1066075
-183.8759995 48.1066075
-183.8759995 48.1066075
-135.4229455 35.993344
-135.4229455 35.993344
-135.4229455 35.993344
-135.4229455 36.264661375
-136.540666 36.264661375
-136.540666 36.264661375
-101.43344 27.487854875
-101.43344 27.487854875
-101.43344 27.487854875
-101.43344 27.490417875
-101.43344 27.490417875
-101.412832 27.490417875
-101.412832 27.490417875
-101.412832 27.490417875
-136.922442 36.367820375
-136.922442 36.367820375
-136.922442 36.362690375
-136.922442 36.362690375
-136.94305 36.362690375
-136.94305 36.362690375
-102.0582085 27.64148
-102.0582085 27.64148
-102.0582085 27.64148
-102.0582085 27.851509625
-102.0582085 27.851509625
-102.0479125 27.851509625
-102.0479125 27.851509625
-102.0479125 27.851509625
-136.932754 36.57272
-136.932754 36.084305375
-136.932754 36.084305375
-136.932754 36.084305375
-135.8253295 36.084305375
-135.8253295 36.084305375
-135.8253295 36.084305375
-246.111512 63.655851
-246.111512 63.655851
-246.111512 63.655851
-246.111512 63.301428
-248.0548325 63.301428
-248.0548325 63.301428
-248.0548325 63.301428
-138.5919725 35.935713
-138.5919725 35.935713
-138.5919725 35.935713
-138.5919725 35.935713
-138.5919725 35.935713
-138.5919725 35.935713
-138.5919725 35.935713
-138.5919725 35.935713
-138.5919725 35.935713
-138.5919725 35.935713
-138.5919725 35.935713
-138.5919725 36.573651
-138.5919725 36.573651
-138.5919725 36.573651
-138.5919725 36.573651
-138.5919725 36.573651
-138.5919725 36.573651
-138.5919725 36.573651
-138.5919725 36.573651
-138.5919725 36.573651
-138.5919725 36.573651
-30.0095725 9.428051
-30.0095725 9.428051
-30.0095725 9.428051
-30.0095725 9.428051
-30.0095725 9.151210625
-28.054344 9.151210625
-28.054344 9.151210625
-13.564224 5.528680625
-13.564224 5.528680625
-13.564224 5.528680625
-13.564224 5.528680625
-13.564224 5.528680625
-15.512764 5.528680625
-15.512764 5.528680625
-10.924132 4.381522625
-10.924132 4.381522625
-10.924132 4.381522625
-10.924132 4.381522625
-10.924132 4.381522625
-8.975592 4.381522625
-8.975592 4.381522625
-19.513804 7.016075625
-19.513804 7.016075625
-19.513804 7.016075625
-19.513804 7.292916
-19.513804 7.292916
-19.513804 7.292916
-19.513804 7.292916
-19.513804 7.292916
-19.513804 7.292916
-19.513804 7.292916
-17.9997745 7.292916
-17.9997745 7.292916
-17.9997745 7.292916
-72.0116145 20.795876
-72.0116145 20.795876
-72.0116145 20.512361
-72.0116145 20.512361
-72.0116145 20.512361
-72.0116145 20.512361
-26.256622 9.073612875
-26.256622 9.073612875
-26.256622 8.714918
-26.256622 8.714918
-26.256622 8.714918
-26.256622 8.714918
-26.256622 8.714918
-26.256622 8.714918
-1.2358705 2.459730125
-1.2358705 2.455452
-1.2358705 2.455452
-1.2358705 2.455452
-1.2358705 2.455452
-1.218608 2.455452
-3.932848 3.134012
-3.932848 3.134012
-3.932848 3.137435
-3.932848 3.137435
-3.932848 3.137435
-6.555076 3.137435
-6.555076 3.137435
-6.555076 3.137435
-6.555076 3.137435
-10.066528 4.015298
-10.066528 4.378558625
-10.066528 4.378558625
-10.066528 4.378558625
-10.066528 4.378558625
-8.9487405 4.378558625
-5.4372885 3.500695625
-5.4372885 3.500695625
-5.4372885 3.500695625
-5.4372885 3.500695625
-5.4372885 3.500695625
-5.46414 3.500695625
-5.46414 3.500695625
-5.46414 3.500695625
-8.8125475 4.3377975
-8.8125475 4.3407615
-8.8125475 4.3407615
-8.8125475 4.3407615
-8.8125475 4.3407615
-8.8125475 4.3407615
-8.8125475 4.3407615
-8.8125475 4.3407615
-8.8125475 4.3407615
-8.8125475 4.3407615
-8.8125475 3.962538875
-8.8125475 3.962538875
-8.8125475 3.962538875
-5.3574035 3.962538875
-5.3574035 3.962538875
-5.3574035 3.962538875
-5.3574035 3.962538875
-16.564748 6.764375
-16.564748 6.764375
-16.564748 6.764375
-16.564748 6.764375
-16.564748 6.764375
-16.564748 6.764375
-16.564748 6.764375
-16.564748 7.142597625
-16.564748 7.142597625
-16.564748 7.142597625
-16.564748 7.142597625
-16.564748 7.142597625
-20.0049845 7.142597625
-20.0049845 7.142597625
-20.0049845 7.142597625
-20.0049845 7.142597625
-73.9623565 20.631940625
-73.9623565 20.631940625
-73.9623565 20.631940625
-73.9623565 20.631940625
-73.9623565 20.266571125
-73.9623565 20.266571125
-73.9623565 20.266571125
-73.9623565 20.266571125
-73.9623565 20.266571125
-73.9623565 20.266571125
-75.0862845 20.266571125
-75.0862845 20.266571125
-75.0862845 20.266571125
-74.4093405 20.097335125
-74.4093405 20.097335125
-74.4093405 20.097335125
-74.4093405 20.097335125
-74.4093405 20.097335125
-74.4093405 20.093057
-74.4093405 20.093057
-74.4093405 20.093057
-74.4093405 20.093057
-74.4093405 20.093057
-71.803528 20.093057
-71.803528 20.093057
-71.803528 20.093057
-71.803528 20.093057
-72.2545 20.2058
-72.2545 20.201515625
-72.2545 20.201515625
-72.2545 20.201515625
-73.7363845 20.201515625
-73.7363845 20.201515625
-73.7363845 20.201515625
-73.7363845 20.201515625
-135.798514 35.717048
-135.798514 35.717048
-135.798514 35.717048
-135.798514 35.717048
-135.798514 35.717048
-135.798514 36.081332375
-135.798514 36.081332375
-135.798514 36.081332375
-135.798514 36.081332375
-135.798514 36.081332375
-132.24264 36.081332375
-132.24264 36.081332375
-132.24264 36.081332375
-132.24264 36.081332375
-132.24264 36.081332375
-132.24264 36.081332375
-132.24264 36.081332375
-132.24264 36.081332375
-132.24264 33.67906
-132.24264 33.67906
-132.24264 33.67906
-132.24264 33.67906
-132.24264 33.67906
-134.299392 33.67906
-134.299392 33.67906
-134.299392 33.67906
-134.299392 33.67906
-134.299392 33.67906
-133.4952 33.478012
-133.4952 33.478012
-133.4952 33.478012
-133.4952 33.478012
-133.4952 34.347359375
-133.4952 34.347359375
-133.4952 34.347359375
-133.4952 34.347359375
-134.982378 34.347359375
-134.982378 34.347359375
-134.982378 34.347359375
-134.982378 34.347359375
-134.982378 34.347359375
-134.982378 34.347359375
-19.844896 5.562988875
-19.844896 5.562988875
-19.844896 5.562988875
-19.844896 5.562988875
-19.844896 5.562988875
-19.844896 6.223186875
-16.348918 6.223186875
-16.348918 6.223186875
-16.348918 6.223186875
-10.035312 4.644785375
-10.035312 4.644785375
-10.035312 4.0155125
-10.035312 4.0155125
-13.5581415 4.0155125
-13.5581415 4.0155125
-13.5581415 4.0155125
-181.67466 46.044642125
-181.67466 46.044642125
-181.67466 46.044642125
-181.67466 46.044642125
-181.67466 46.044642125
-181.67466 46.013717
-181.67466 46.013717
-181.67466 46.013717
-181.67466 46.013717
-184.71576 46.013717
-184.71576 46.013717
-184.71576 46.013717
-184.71576 46.013717
-31.3803615 7.679867375
-31.3803615 7.679867375
-31.3803615 7.679867375
-31.3803615 8.3628785
-30.303394 8.3628785
-30.303394 8.3628785
-30.303394 8.3628785
-30.303394 8.3628785
-30.303394 8.3628785
-184.1801165 46.832059125
-184.1801165 46.832059125
-184.1801165 46.832059125
-184.1801165 46.832059125
-184.1801165 46.832059125
-184.1801165 47.326251125
-184.1801165 47.326251125
-184.1801165 47.326251125
-184.1801165 47.326251125
-184.1801165 47.326251125
-184.1801165 47.326251125
-183.3353165 47.326251125
-183.3353165 47.326251125
-183.3353165 47.326251125
-183.3353165 47.326251125
-183.3353165 47.326251125
-183.3353165 47.326251125
-183.3353165 47.326251125
-183.3353165 47.326251125
-183.8774245 47.461778125
-183.8774245 47.461778125
-183.8774245 46.3075
-183.8774245 46.3075
-183.8774245 46.3075
-183.8774245 46.3075
-183.8774245 46.3075
-183.8774245 46.3075
-183.8774245 46.3075
-183.8774245 46.3075
-101.1186965 25.617818
-101.1186965 25.617818
-101.1186965 24.736133625
-101.1186965 24.736133625
-101.1186965 24.736133625
-101.1186965 24.736133625
-101.1186965 24.736133625
-101.1186965 24.736133625
-101.1186965 24.736133625
-101.1186965 24.736133625
-101.1186965 24.736133625
-101.1186965 24.736133625
-101.1186965 24.736133625
-101.1186965 24.736133625
-101.9412065 24.736133625
-101.9412065 24.736133625
-75.6931345 18.174115625
-75.6931345 18.174115625
-75.6931345 18.174115625
-75.6931345 18.174115625
-75.6931345 18.174115625
-75.6931345 19.704992
-75.6931345 19.704992
-75.6931345 19.704992
-75.6931345 19.704992
-70.296148 19.704992
-70.296148 19.704992
-70.296148 19.704992
-70.296148 19.704992
-70.296148 19.704992
-70.296148 19.704992
-70.296148 19.704992
-131.9558935 35.119928375
-131.9558935 35.119928375
-131.9558935 35.119928375
-131.9558935 35.6284325
-131.9558935 35.6284325
-131.9558935 35.6284325
-131.9558935 35.6284325
-131.9558935 35.6284325
-136.520058 35.6284325
-136.520058 35.6284325
-136.520058 35.6284325
-136.520058 35.6284325
-184.4100045 47.600919125
-184.4100045 47.600919125
-184.4100045 47.600919125
-184.4100045 47.600919125
-184.4100045 47.600919125
-184.4100045 29.214551125
-184.4100045 29.214551125
-184.4100045 29.214551125
-184.4100045 29.214551125
-184.4100045 29.214551125
-185.249524 29.214551125
-185.249524 29.214551125
-185.249524 29.214551125
-185.249524 29.214551125
-185.249524 29.214551125
-333.7125695 66.3303125
-333.7125695 66.3303125
-333.7125695 66.3303125
-333.7125695 66.3303125
-333.7125695 66.3303125
-333.7125695 82.656108
-333.7125695 82.656108
-333.7125695 82.656108
-333.7125695 82.656108
-331.7640295 82.656108
-331.7640295 82.656108
-331.7640295 82.656108
-331.7640295 82.656108
-331.7640295 82.656108
-331.7640295 82.656108
-331.7640295 82.656108
-331.7640295 82.656108
-331.7640295 82.656108
-331.7640295 82.656108
-331.7640295 82.656108
-331.7640295 82.656108
-331.7640295 82.656108
-331.7640295 82.656108
-331.7640295 82.656108
-331.7640295 82.656108
-331.7640295 81.371862375
-331.7640295 81.371862375
-331.7640295 81.371862375
-331.7640295 81.371862375
-331.7640295 81.371862375
-333.6902095 81.371862375
-333.6902095 81.371862375
-333.6902095 81.371862375
-333.6902095 81.371862375
-447.2890095 109.771562375
-447.2890095 109.771562375
-447.2890095 109.771562375
-447.2890095 109.771562375
-447.2890095 109.771562375
-447.2890095 111.9437945
-447.2890095 111.9437945
-447.2890095 111.9437945
-447.2890095 111.9437945
-447.2890095 111.9437945
-443.88325 111.9437945
-443.88325 111.9437945
-443.88325 111.9437945
-443.88325 111.9437945
-443.88325 111.9437945
-794.3834 199.568832
-794.3834 199.568832
-794.3834 199.568832
-794.3834 199.568832
-794.3834 199.568832
-794.3834 199.576854875
-794.3834 199.576854875
-794.3834 199.576854875
-794.3834 199.576854875
-794.3834 199.576854875
-795.8748875 199.576854875
-795.8748875 199.576854875
-795.8748875 199.576854875
-795.8748875 199.576854875
-795.8748875 199.576854875
-330.816472 83.312251
-330.816472 83.312251
-330.816472 83.312251
-330.816472 83.312251
-330.816472 83.319118
-330.816472 83.319118
-330.816472 83.319118
-330.816472 83.319118
-331.9135845 83.319118
-331.9135845 83.319118
-331.9135845 83.319118
-331.9135845 83.319118
-331.9135845 83.319118
-331.9135845 83.319118
-331.9135845 83.319118
-331.9135845 83.319118
-331.9135845 83.319118
-331.9135845 83.319118
-331.9135845 83.319118
-250.1299845 62.873218
-250.1299845 64.026641
-250.1299845 64.026641
-251.5802625 64.026641
-251.5802625 64.026641
-251.5802625 64.026641
-251.5802625 64.026641
-251.5802625 64.026641
-11.455878 3.995544875
-11.455878 3.995544875
-11.455878 3.995544875
-11.455878 3.995544875
-11.455878 2.858109875
-11.455878 2.858109875
-11.455878 2.858109875
-11.455878 2.858109875
-10.026208 2.858109875
-10.026208 2.858109875
-10.026208 2.858109875
-10.026208 2.858109875
-10.026208 2.858109875
-10.026208 2.858109875
-10.026208 2.858109875
-10.026208 2.858109875
-6.53456 1.985197875
-6.53456 1.985197875
-6.53456 1.985197875
-6.53456 1.962342875
-7.3534715 1.962342875
-7.3534715 1.962342875
-7.3534715 1.962342875
-4.745564 1.310366
-4.745564 1.310366
-4.745564 -0.758955
-4.745564 -0.758955
-4.745564 -0.758955
-4.745564 -0.758955
-4.745564 -0.758955
-2.79472 -1.246666
-2.79472 -1.246666
-2.79472 -1.246666
-2.79472 -2.830574375
-2.7880225 -2.830574375
-2.7880225 -2.830574375
-2.7880225 -2.830574375
-2.7880225 -2.830574375
-15.45136 0.33526
-15.45136 3.972431375
-15.45136 3.972431375
-14.62885 3.972431375
-14.62885 3.972431375
-1.91461 0.793871375
-1.91461 0.793871375
-1.91461 0.793871375
-1.91461 0.8019065
-1.91461 0.8019065
-1.91461 0.8019065
-1.91461 0.8019065
-1.91461 0.8019065
0.55643 0.1841465
0.55643 0.1841465
0.55643 0.1841465
0.55643 -3.46106
-1.9789575 -3.46106
-1.9789575 -3.46106
-1.9789575 -3.46106
-1.9789575 -3.46106
-17.5427475 0.4298875
-17.5427475 2.0275715
-17.5427475 2.0275715
-17.5427475 2.0275715
-12.442798 2.0275715
-12.442798 2.0275715
-52.457102 12.0311475
-52.457102 12.0311475
-52.457102 12.0311475
-52.457102 11.989759875
-52.457102 11.989759875
-56.47324 11.989759875
-56.47324 11.989759875
-56.47324 11.989759875
-55.7918005 11.8194
-55.7918005 11.8194
-55.7918005 15.921256125
-54.3505205 15.921256125
-54.3505205 15.921256125
-54.3505205 15.921256125
-29.3792125 9.678429125
-29.3792125 9.678429125
-29.3792125 9.678429125
-29.3792125 9.678429125
-29.3792125 7.680373
-31.6471225 7.680373
-31.6471225 7.680373
-31.6471225 7.680373
-77.3748025 19.112293
-77.3748025 19.112293
-77.3748025 13.360480625
-77.3748025 13.360480625
-77.3748025 13.360480625
-77.8312845 13.360480625
-57.409728 8.2550915
-57.409728 8.2550915
-57.409728 8.2550915
-57.409728 8.2550915
-57.409728 -19.2895805
-57.409728 -19.2895805
-56.60515 -19.2895805
-56.60515 -19.2895805
-56.60515 -19.2895805
-8.3953345 -31.342034375
-8.3953345 -6.719973875
-8.3953345 -6.719973875
-8.3953345 -6.719973875
-8.386992 -6.719973875
-8.386992 -6.719973875
-5.791 -7.368971875
-5.791 -7.368971875
-5.791 -7.368971875
-5.791 -7.335732375
-5.791 -7.335732375
-6.143108 -7.335732375
-6.143108 -7.335732375
-6.143108 -7.335732375
-12.2477395 -5.8095745
-12.2477395 -2.9693665
-12.2477395 -2.9693665
-12.2477395 -2.9693665
-12.7096315 -2.9693665
-12.7096315 -2.9693665
-43.8151675 4.8070175
-43.8151675 4.8070175
-43.8151675 2.0
-43.8151675 2.0
-43.8151675 2.0
-42.9978235 2.0
-42.9978235 2.0
-42.9978235 2.0
-42.9978235 2.0
-42.9978235 2.0
-42.9978235 2.0
-42.9978235 2.0
-5.787656 -7.302541875
-5.787656 -7.302541875
-5.787656 -7.302541875
-5.787656 -7.302541875
-5.787656 -7.302541875
-5.787656 -7.302541875
-5.787656 -7.302541875
-5.787656 -7.302541875
-5.787656 -7.302541875
-5.787656 -7.302541875
-5.787656 -7.302541875
-5.787656 -7.302541875
-5.787656 -7.302541875
-5.787656 -2.390124375
-5.787656 -2.390124375
-5.787656 -2.390124375
-5.787656 -2.390124375
0.7968875 -2.390124375
0.7968875 -2.390124375
0.7968875 -2.390124375
0.7968875 -2.390124375
2.7176 -2.8703025
2.7176 -2.8703025
2.7176 -2.8703025
2.7176 -2.8703025
2.7176 -2.8703025
2.7176 -2.85255
2.7176 -2.85255
-4.83023 -2.85255
-4.83023 -2.85255
-4.83023 -2.85255
-4.83023 -2.85255
-4.83023 -2.85255
-4.83023 -2.85255
-0.41519 -3.95631
-0.41519 -3.95631
-0.41519 -3.95631
-0.41519 -4.011424125
-0.080086 -4.011424125
-0.080086 -4.011424125
0.26024 -4.096505625
0.26024 -4.096505625
0.26024 -4.096505625
0.26024 -4.023664
0.26024 -4.023664
0.26024 -4.023664
0.8717425 -4.023664
0.8717425 -4.023664
0.8717425 -4.023664
0.0967345 -3.829912
0.0967345 -5.921628
0.0967345 -5.921628
0.0967345 -5.921628
0.101728 -5.921628
0.101728 -5.921628
0.101728 -5.921628
-5.77975 -4.4512585
-5.77975 -4.4512585
-5.77975 -4.4512585
-5.77975 -4.4758225
-5.77975 -4.4758225
-5.77975 -4.4758225
-6.92532 -4.4758225
-6.92532 -4.4758225
-6.92532 -4.4758225
-23.7858 -0.2607025
-23.7858 -0.2361385
-23.7858 -0.2361385
-23.7858 -0.2361385
-23.7048 -0.2361385
-23.7048 -0.2361385
-23.7048 -0.2361385
-2.484384 -5.5412425
-2.484384 -5.5412425
-2.484384 -5.5412425
-2.484384 -5.5412425
-2.484384 -8.397424
-2.484384 -8.397424
-2.484384 -8.397424
-2.484384 -8.397424
-2.484384 -8.397424
-2.484384 -8.397424
-2.484384 -8.397424
-2.484384 -8.397424
-2.484384 -8.397424
-2.484384 -8.397424
-2.484384 -8.397424
-2.484384 -8.397424
-4.766238 -7.79965
-4.766238 -7.79965
-4.8746755 -7.79965
-4.8746755 -7.79965
-4.8746755 -7.79965
-4.8746755 -7.79965
-4.9423955 -7.78272
-4.9423955 -5.0250105
-4.9423955 -5.0250105
-4.9423955 -5.0250105
-4.9423955 -5.0250105
-4.9423955 -5.0250105
-4.9423955 -5.0250105
-4.9423955 -5.0250105
-4.9423955 -5.0250105
-4.9423955 -5.0250105
-4.9423955 -5.0250105
-3.5125 -5.382484375
-3.5125 -5.382484375
-3.5125 -5.382484375
-3.5125 -5.382484375
-3.5125 -5.382484375
-3.5125 -5.308576375
-3.5125 -5.308576375
-3.5125 -5.308576375
-3.5125 -5.308576375
-3.5116945 -5.308576375
-3.5116945 -5.308576375
-3.5116945 -5.308576375
-3.5116945 -5.308576375
-3.5116945 -5.308576375
-2.380694 -5.5913265
-2.380694 -5.5913265
-2.380694 -5.5913265
-2.380694 -5.5913265
-2.380694 -5.5913265
-2.380694 -81.62064
-2.380694 -81.62064
-2.380694 -81.62064
-2.380694 -81.62064
-2.380694 -81.62064
-2.463304 -81.62064
-2.463304 -81.62064
-2.463304 -81.62064
-2.463304 -81.62064
-1.058994 -81.9717175
-1.058994 -81.9717175
-1.058994 -81.9717175
-1.058994 -81.9717175
-1.058994 -81.9717175
-1.058994 -2.22844
-1.058994 -2.22844
-1.058994 -2.22844
-1.058994 -2.22844
-0.977994 -2.22844
-0.977994 -2.22844
-0.977994 -2.22844
-0.977994 -2.22844
-0.977994 -2.22844
-0.977994 -2.22844
-0.5199525 -2.342950375
-0.5199525 -2.342950375
-0.5199525 -2.342950375
-0.5199525 -2.342950375
-0.5199525 -2.342950375
-0.5199525 -6.081514375
-0.5199525 -6.081514375
-0.5199525 -6.081514375
-0.40978 -6.081514375
-0.40978 -6.081514375
-0.40978 -6.081514375
-0.40978 -6.081514375
-0.40978 -6.081514375
-0.87352 -5.965579375
-0.87352 -5.965579375
-0.87352 -5.965579375
-0.87352 -5.965579375
-0.87352 -5.965579375
-0.87352 -5.965579375
-0.87352 -5.940979375
-0.87352 -5.940979375
-0.87352 -5.940979375
-0.9820825 -5.940979375
-0.9820825 -5.940979375
-0.9820825 -5.940979375
-0.9820825 -5.940979375
-0.9820825 -5.940979375
-0.9820825 -5.940979375
-0.9820825 -5.940979375
-75.38704 12.66026
-75.38704 12.66026
-75.38704 12.66026
-75.38704 5.996636375
-75.38704 5.996636375
-75.38704 5.996636375
-75.38704 5.996636375
-75.38704 5.996636375
-75.38704 5.996636375
-75.38704 5.996636375
-75.38704 5.996636375
-75.38704 5.996636375
-187.976494 34.143999875
-187.976494 34.143999875
-187.976494 34.143999875
-187.976494 34.143999875
-187.976494 34.143999875
-187.976494 44.494016
-187.976494 44.494016
-187.976494 44.494016
-187.976494 44.494016
-187.976494 44.494016
-185.8348915 44.494016
-185.8348915 44.494016
-185.8348915 44.494016
-185.8348915 44.494016
-185.8348915 44.494016
-244.4313475 59.14313
-244.4313475 59.14313
-244.4313475 59.14313
-244.4313475 59.14313
-244.4313475 55.4567375
-244.4313475 55.4567375
-244.4313475 55.4567375
-244.4313475 55.4567375
-242.3947675 55.4567375
-242.3947675 55.4567375
-242.3947675 55.4567375
-242.3947675 55.4567375
-242.3947675 55.4567375
-242.3947675 55.4567375
-13.4437375 -1.78102
-13.4437375 -1.78102
-13.4437375 -1.78102
-13.4437375 -1.78102
-13.4437375 -1.78102
-13.4437375 1.863863375
-13.4437375 1.863863375
-13.4437375 1.863863375
-13.4437375 1.863863375
-13.5095175 1.863863375
-13.5095175 1.863863375
-13.5095175 1.863863375
-13.5095175 1.863863375
2.4708 -2.131216
2.4708 -2.075911
2.4708 -2.075911
8.682692 -2.075911
8.682692 -2.075911
8.682692 -2.075911
7.8978625 -1.879703625
7.8978625 -1.879703625
7.8978625 -3.463612
7.8978625 -3.463612
7.8978625 -3.463612
42.8022625 -3.463612
44.2523105 -3.826124
44.2523105 -3.826124
44.2523105 -3.826124
44.2523105 -3.826124
44.2523105 -3.8438515
3.17483 -3.8438515
3.17483 -3.8438515
3.17483 -3.8438515
2.5736 -3.693544
2.5736 -3.693544
2.5736 -0.03061
2.5736 -0.03061
2.5736 -0.03061
-1.3224675 -0.03061
-1.3224675 -0.03061
-1.3224675 -0.03061
-1.3224675 -0.03061
-0.25992 -0.296246875
-0.25992 -0.296246875
-0.25992 -0.296246875
-0.25992 -2.371340875
-0.25992 -2.371340875
-0.0661165 -2.371340875
-0.0661165 -2.371340875
0.5136235 -2.516275875
0.5136235 -2.516275875
0.5136235 -2.516275875
0.5136235 -2.516275875
0.5136235 -6.178104375
0.5136235 -6.178104375
0.5136235 -6.178104375
0.5136235 -6.178104375
0.0646735 -6.178104375
0.0646735 -6.178104375
0.0646735 -6.178104375
0.0646735 -6.178104375
0.0646735 -6.178104375
0.0646735 -6.178104375
0.0646735 -6.178104375
0.0646735 -6.178104375
0.0646735 -6.178104375
0.0646735 -6.178104375
0.0646735 -6.178104375
0.0646735 -6.178104375
0.0646735 -6.178104375
0.0646735 -6.178104375
0.265136 -6.22822
0.265136 -6.22822
0.265136 -6.22822
0.265136 -6.22822
0.265136 -6.22822
0.265136 -6.22822
0.265136 -6.22822
0.265136 -6.22822
0.265136 -6.22822
0.265136 -6.22822
0.265136 -6.252784
0.265136 -6.252784
0.265136 -6.252784
0.265136 -6.252784
0.265136 -6.252784
0.3755625 -6.252784
0.3755625 -6.252784
0.3755625 -6.252784
0.3755625 -6.252784
0.3755625 -6.252784
0.3755625 -6.252784
0.3755625 -6.252784
0.3755625 -6.252784
0.3755625 -6.252784
0.3755625 -6.252784
0.3755625 -6.252784
0.3755625 -6.252784
0.3755625 -6.252784
0.3755625 -1.379284
0.265136 -1.379284
0.265136 -1.379284
0.265136 -1.379284
0.265136 -1.379284
0.265136 -1.379284
0.265136 -1.379284
0.265136 -1.379284
0.265136 -1.379284
0.265136 -1.379284
0.265136 -1.379284
0.265136 -2.552595625
0.265136 -2.552595625
0.265136 -2.552595625
0.265136 -2.552595625
0.265136 -2.552595625
0.7203185 -2.552595625
0.7203185 -2.552595625
0.7203185 -2.552595625
0.7203185 -2.552595625
0.7203185 -2.552595625
0.5284625 -2.504631625
0.5284625 -2.504631625
0.5284625 -2.504631625
0.5284625 -2.504631625
0.5284625 -2.532243625
0.5284625 -2.532243625
0.5284625 -2.532243625
0.5284625 -2.532243625
0.5284625 -2.532243625
0.18464 -2.532243625
0.18464 -2.532243625
0.18464 -2.532243625
0.18464 -2.532243625
0.18464 -2.532243625
-0.4069825 -2.384338
-0.4069825 -2.384338
-0.4069825 -2.384338
-0.4069825 -2.384338
-0.4069825 -2.384338
-0.4069825 -6.081514375
-0.4069825 -6.081514375
-0.4069825 -6.081514375
-0.4069825 -6.081514375
-0.4069825 -6.081514375
-0.4069825 -6.081514375
-0.4069825 -6.081514375
-0.4069825 -6.081514375
-0.4069825 -6.081514375
0.1809575 -6.228499375
0.1809575 -6.228499375
0.1809575 -6.228499375
0.1809575 -6.228499375
0.1809575 -6.228499375
0.1809575 -2.503711
0.1809575 -2.503711
0.1809575 -2.503711
0.1809575 -2.503711
0.1809575 -2.503711
0.180024 -2.503711
0.180024 -2.503711
0.180024 -2.503711
0.180024 -2.503711
0.180024 -2.503711
-0.0814935 -2.438331625
-0.0814935 -2.438331625
-0.0814935 -2.438331625
-0.0814935 -2.438331625
-0.0814935 -4.0399675
-0.0814935 -4.0399675
-0.0814935 -4.0399675
-0.0814935 -4.0399675
-0.0814935 -4.0399675
-0.190306 -4.0399675
-0.190306 -4.0399675
-0.190306 -4.0399675
-0.190306 -4.0399675
0.074894 -4.1062675
0.074894 -4.1062675
0.074894 -4.1062675
0.074894 -4.1062675
0.074894 -4.1062675
0.074894 -4.1062675
0.074894 -33.619068625
0.074894 -33.619068625
0.074894 -33.619068625
0.074894 -33.619068625
0.5234745 -33.619068625
0.5234745 -33.619068625
0.5234745 -33.619068625
0.5234745 -33.619068625
-1.1274195 -33.206345125
-1.1274195 -33.206345125
-1.1274195 -33.206345125
-1.1274195 -33.206345125
-1.1274195 -33.206345125
-1.1274195 -33.206345125
-1.1274195 -33.206345125
-1.1274195 -33.206345125
-1.1274195 -33.206345125
-1.1274195 -45.150270125
-1.1274195 -45.150270125
-1.1274195 -45.150270125
-1.1274195 -45.150270125
-1.1274195 -45.150270125
-1.4690515 -45.150270125
-1.4690515 -45.150270125
-1.4690515 -45.150270125
-1.4690515 -45.150270125
-1.4690515 -45.150270125
-0.4212775 -45.412213625
-0.4212775 -45.412213625
-0.4212775 -45.412213625
-0.4212775 -45.412213625
-0.4212775 -45.412213625
-0.4212775 -8.985376
-0.4212775 -8.985376
-0.4212775 -8.985376
-0.4212775 -8.985376
-0.4194135 -8.985376
-0.4194135 -8.985376
-0.4194135 -8.985376
-0.4194135 -8.985376
-0.4194135 -8.985376
-0.4194135 -8.985376
-0.4194135 -8.985376
-0.4194135 -8.985376
-0.4194135 -8.985376
-0.4194135 -8.985376
-0.4194135 -8.985376
-0.4194135 -8.985376
-0.4194135 -8.985376
0.3755625 -9.18412
0.3755625 -9.18412
0.3755625 -9.18412
0.3755625 -9.18412
0.3755625 -9.18412
0.3755625 -9.18412
0.3755625 -9.18412
0.3755625 -9.18412
0.3755625 -9.18412
0.3755625 -9.18412
0.3755625 -9.18412
0.3755625 -9.0844015
0.3755625 -9.0844015
0.3755625 -9.0844015
0.3755625 -9.0844015
0.3755625 -9.0844015
0.3755625 -9.0844015
0.3755625 -9.0844015
0.3755625 -9.0844015
0.3755625 -9.0844015
0.3755625 -9.0844015
0.3755625 -9.0844015
0.5224385 -9.0844015
0.5224385 -9.0844015
0.5224385 -9.0844015
0.5224385 -9.0844015
0.5224385 -9.0844015
0.0710785 -8.9715615
0.0710785 -8.9715615
0.0710785 -8.9715615
0.0710785 -8.9715615
0.0710785 -8.9715615
0.0710785 -2.439755625
0.0710785 -2.439755625
0.0710785 -2.439755625
0.0710785 -2.439755625
0.0710785 -2.439755625
0.065696 -2.439755625
0.5053575 -2.549671
0.5053575 -2.549671
0.5053575 -2.549671
0.5053575 -2.549671
0.5053575 -2.549671
0.5053575 -2.549671
0.5053575 -2.549671
0.5053575 -9.017605
0.5053575 -9.017605
0.5053575 -9.017605
0.5053575 -9.017605
0.362 -9.017605
0.362 -9.017605
0.362 -9.017605
0.362 -9.017605
0.362 -9.017605
0.1818425 -8.972565625
0.1818425 -8.972565625
0.1818425 -13.088743625
0.1818425 -13.088743625
0.18464 -13.088743625
0.18464 -13.088743625
0.18464 -13.088743625
0.1809575 -13.087823
0.1809575 -13.087823
0.1809575 -13.087823
0.1809575 -9.035516875
0.17816 -9.035516875
0.17816 -9.035516875
0.17816 -9.035516875
0.17816 -9.035516875
-0.8792275 -8.77117
-0.8792275 -1.085978125
-0.8792275 -1.085978125
-0.8792275 -1.085978125
-0.8773635 -1.085978125
-0.8773635 -1.085978125
0.1861565 -1.351858125
0.1861565 -1.351858125
0.1861565 -1.351858125
0.1861565 -62.048173125
0.1861565 -62.048173125
0.1861565 -62.048173125
0.07573 -62.048173125
0.07573 -62.048173125
-0.52984 -61.896780625
-0.52984 -61.896780625
-0.52984 -61.896780625
-0.52984 -8.9520875
-0.52984 -8.9520875
-0.52984 -8.9520875
-0.52984 -8.9520875
-0.52984 -8.9520875
-0.52984 -8.9520875
-0.52984 -8.9520875
-0.52984 -8.9520875
-0.52984 -8.9520875
-0.52984 -8.9520875
-0.41848 -8.9520875
-0.8821465 -8.836170875
-0.8821465 -8.836170875
-0.8821465 -8.836170875
-0.8821465 -8.836170875
-0.8821465 -8.836170875
-0.8821465 -8.836170875
-0.8821465 -8.836170875
-0.8821465 -8.836170875
-0.8821465 -8.836170875
-0.8821465 -8.836170875
-0.8821465 -1.054019375
-0.8821465 -1.054019375
-0.8821465 -1.054019375
-1.074024 -1.054019375
-1.074024 -1.054019375
-1.047424 -1.060669375
-1.047424 -1.060669375
-1.047424 -1.060669375
-1.047424 0.468876
-1.047424 0.468876
-1.047424 0.468876
-1.0683075 0.474096875
-1.0683075 0.474096875
-1.0683075 -1.0660525
-1.0683075 -1.0660525
-1.0683075 -1.0660525
-1.0683075 -1.0660525
-1.0683075 -1.0660525
-1.0683075 -1.0660525
-0.008464 -1.331013375
-0.008464 -1.331013375
-0.008464 -1.331013375
-0.008464 -1.331013375
-0.008464 -2.490549375
-0.008464 -2.490549375
-0.008464 -2.490549375
0.0736675 -2.490549375
0.0736675 -2.490549375
0.0736675 -2.490549375
0.074894 -2.490856
0.074894 -6.20482
0.074894 -6.20482
0.074894 -6.20482
0.1837065 -6.20482
0.1837065 -6.20482
0.1861565 -6.2054325
0.1861565 -6.2054325
0.1861565 -6.2054325
0.1861565 -2.532856125
0.1861565 -2.532856125
0.1861565 -2.532856125
0.1861565 -2.532856125
0.1861565 -2.532856125
0.1861565 -2.532856125
0.1861565 -2.532856125
0.1861565 -2.532856125
0.3287245 -2.532856125
0.3287245 -2.532856125
-0.2768455 -2.381463625
-0.2768455 -9.016330625
-0.2768455 -9.016330625
-0.4212775 -9.016330625
-0.4212775 -9.016330625
-0.4212775 -9.016330625
0.17816 -9.16619
0.17816 -9.16619
0.17816 -9.16619
0.17816 -24.507319375
0.17816 -24.507319375
0.17816 -24.507319375
0.1772295 -24.507319375
0.1772295 -24.507319375
-0.07575 -24.4440745
-0.07575 -24.4440745
-0.07575 -24.4440745
-0.07575 -82.905725125
-0.07575 -82.905725125
-0.07575 -82.905725125
-0.07575 -82.905725125
-0.07575 -82.905725125
-0.07575 -82.905725125
-0.07575 -82.905725125
-0.0748195 -82.905725125
-0.0748195 -82.905725125
-0.0748195 -82.905725125
-0.0748195 -82.905725125
-0.0748195 -82.905725125
-0.0748195 -82.905725125
-0.0748195 -82.905725125
-0.4179875 -82.819933125
-0.4179875 -82.819933125
-0.4179875 -17.680786125
-0.4179875 -17.680786125
-0.4179875 -17.680786125
-0.4179875 -17.680786125
-0.52655 -17.680786125
-0.52655 -17.680786125
-0.52655 -17.680786125
-0.52655 -17.680786125
-0.52655 -17.680786125
-0.52655 -17.680786125
0.07328 -17.830743625
0.07328 -17.830743625
0.07328 -17.830743625
0.07328 -4.1417975
0.1818425 -4.1417975
0.1818425 -4.1417975
0.1818425 -4.1417975
0.3736985 -4.1897615
0.3736985 -4.1897615
0.3736985 -4.1897615
0.3736985 -4.1897615
0.3736985 -4.1897615
0.3736985 -4.1897615
0.3736985 -9.18412
0.3736985 -9.18412
0.3736985 -9.18412
0.3755625 -9.18412
0.3755625 -9.18412
0.3755625 -9.18412
0.3755625 -9.18412
0.3755625 -9.18412
0.3755625 -9.18412
0.5138825 -9.2187
0.5138825 -9.2187
0.5138825 -9.2520375
0.5138825 -9.2520375
0.5120185 -9.2520375
0.5120185 -9.2520375
0.3736985 -9.2174575
0.3736985 -9.2174575
0.3736985 -4.136504
0.3736985 -4.136504
0.3736985 -4.136504
0.265136 -4.136504
0.265136 -4.136504
0.265136 -4.136504
-4.793134 -2.8719365
-4.793134 -2.8719365
-4.793134 -2.8719365
-4.793134 -2.8719365
-4.685502 -2.8719365
-4.685502 -2.8719365
-4.685502 -2.8719365
-0.07575 -4.0243745
-0.07575 -4.0243745
-0.07575 -4.0243745
-0.07575 -4.0243745
-0.07575 -4.0243745
-0.07575 -6.1898905
-0.07575 -6.1898905
-0.07575 -6.1898905
-0.183382 -6.1898905
-0.183382 -6.1898905
-0.183382 -6.1898905
0.4025375 -6.336370375
0.4025375 -6.336370375
0.4025375 -6.336370375
0.4025375 -6.336370375
0.4025375 -6.336370375
0.4025375 -9.218470375
0.4025375 -9.218470375
0.4025375 -9.218470375
0.5111 -9.218470375
-0.4212775 -8.985376
-0.4212775 -8.985376
-0.4212775 -8.985376
-0.4212775 -8.985376
-0.4212775 -8.985376
-0.4212775 -8.985376
-0.4212775 -8.985376
-0.4212775 -45.970870625
-0.4212775 -45.970870625
-0.4212775 -45.970870625
-0.528226 -45.970870625
-0.528226 -45.970870625
-0.9918925 -45.854954
-0.9918925 -8.900414
-0.9918925 -8.900414
-0.9918925 -8.900414
-0.9918925 -8.900414
-0.9918925 -8.900414
-0.524936 -9.017153125
-0.524936 -9.017153125
-0.524936 -9.017153125
-0.524936 -83.3231185
-0.524936 -83.3231185
-0.41519 -83.3231185
-0.41519 -83.3231185
-0.41519 -83.3231185
-0.41848 -83.322296
-0.41848 -83.322296
-0.41848 -17.74012
-0.41848 -17.74012
-0.41848 -17.74012
-0.4194135 -17.74012
0.1837065 -17.8909
0.1837065 -17.8909
0.1837065 -17.8909
0.1837065 -45.979228
0.1837065 -45.979228
0.3284265 -45.979228
0.3284265 -45.979228
0.3284265 -45.979228
0.0660765 -45.9136405
0.0660765 -45.9136405
0.0660765 -17.882386
0.0660765 -17.882386
0.0660765 -17.882386
-0.187456 -17.882386
-0.187456 -17.882386
-0.5134525 -17.800886875
-0.5134525 -17.800886875
-0.5134525 -17.800886875
-0.5134525 -12.589945
-0.5150665 -12.589945
-0.5150665 -12.589945
-0.5150665 -12.589945
-0.5150665 -12.589945
-0.9669065 -12.476985
-0.9669065 -8.809581375
-0.9669065 -8.809581375
-0.9669065 -8.809581375
-0.7149865 -8.809581375
-0.7149865 -8.809581375
-0.27463 -8.9196705
-0.27463 -8.9196705
-0.27463 -8.9196705
-0.27463 -6.0794625
-0.4179875 -6.0794625
-0.4179875 -6.0794625
-0.4179875 -6.0794625
-0.070564 -6.166318375
-0.070564 -6.166318375
-0.070564 -6.117154375
-0.070564 -6.117154375
0.073868 -6.117154375
0.073868 -6.117154375
0.073868 -6.117154375
-0.7195955 -5.9187885
-0.7195955 -5.9187885
-0.7195955 -17.7436605
-0.7195955 -17.7436605
-0.7195955 -17.7436605
-0.8640275 -17.7436605
-0.8640275 -17.7436605
-1.46248 -17.594047375
-1.46248 -17.594047375
-1.46248 -17.594047375
-1.46248 -3.750301
-1.46248 -3.750301
-1.5694285 -3.750301
-1.5694285 -3.750301
-1.5913685 -3.744816
-1.5913685 -3.744816
-1.5913685 -24.249006
-1.5913685 -24.249006
-1.5913685 -24.249006
-1.6741985 -24.249006
-1.6741985 -24.249006
-1.6741985 -24.249006
-1.6741985 -24.249006
-0.0190105 -12.865675
-0.0190105 -12.865675
-0.0190105 -12.865675
0.1735655 -12.865675
0.1735655 -12.865675
0.1735655 -12.865675
-6.7744865 -11.128662
-6.7744865 -11.128662
-6.7744865 -2.384238375
-6.7744865 -2.384238375
-6.7744865 -2.384238375
-6.8858465 -2.384238375
-2.4086065 -3.503548375
-2.4086065 -3.503548375
-2.4086065 -3.503548375
-2.4086065 -3.503548375
-2.4086065 -3.503548375
-2.29818 -3.503548375
-2.29818 -3.503548375
-2.29818 -3.503548375
-0.3997335 -3.97816
-0.3997335 -3.97816
-0.3997335 -3.97816
-0.3997335 -3.97816
-0.3997335 -3.97816
-0.4015975 -3.97816
-0.4015975 -3.97816
0.180616 -4.123713375
0.180616 -4.123713375
0.180616 -4.123713375
0.180616 -2.531937
0.180616 -2.531937
-0.00986 -2.531937
-0.00986 -2.531937
-0.00986 -2.531937
-0.6117535 -2.381463625
-0.6117535 -8.852516
-0.6117535 -8.852516
-0.53145 -8.852516
-0.53145 -8.852516
-0.53145 -8.852516
-0.19068 -8.9377085
-0.19068 -8.9377085
-0.19068 -8.9377085
-0.19068 -4.0229525
-0.19068 -4.0229525
-0.0805075 -4.0229525
-0.0805075 -4.0229525
-0.4179875 -3.9385825
-0.4179875 -3.9385825
-0.4179875 -3.9385825
-0.4179875 -6.0548625
-0.4179875 -6.0548625
-0.4179875 -6.0548625
-0.4179875 -6.0548625
-0.52816 -6.0548625
-0.52816 -6.0548625
-0.52816 -6.0548625
-0.52816 -6.0548625
-0.52816 -6.0548625
0.0679875 -6.203899375
0.0679875 -6.203899375
0.0679875 -6.203899375
0.0679875 -6.203899375
0.0679875 -6.203899375
0.0679875 -17.772916
0.0679875 -17.772916
0.0679875 -17.772916
0.0679875 -17.772916
0.0679875 -17.772916
0.0695975 -17.772916
0.0695975 -17.772916
0.0695975 -17.772916
0.0695975 -17.772916
0.0695975 -17.772916
-6.976432 -16.011408625
-6.976432 -16.011408625
-6.976432 -16.011408625
-6.976432 -16.011408625
-6.976432 -4.466992
-6.976432 -4.466992
-6.976432 -4.466992
-6.976432 -4.466992
-6.976432 -4.466992
-5.9217895 -4.466992
-5.9217895 -4.466992
-5.9217895 -4.466992
-5.9217895 -4.466992
-5.9217895 -4.466992
-0.5098375 -5.81998
-0.5098375 -5.81998
-0.5098375 -5.81998
-0.5098375 -5.81998
-0.5098375 -5.81998
-0.5098375 -3.6968275
-0.5098375 -3.6968275
-0.5098375 -3.6968275
-0.5098375 -3.6968275
-0.498186 -3.6968275
-0.498186 -3.6968275
-0.498186 -3.6968275
-0.498186 -3.6968275
-0.498186 -3.6968275
0.093704 -3.8448
0.093704 -3.8448
0.093704 -3.8448
0.093704 -3.8448
0.093704 -3.8448
0.093704 -3.8448
0.093704 -3.8448
0.093704 -45.5804485
0.093704 -45.5804485
0.093704 -45.5804485
-0.257726 -45.5804485
-0.272926 -45.5766485
-0.272926 -45.5766485
-0.272926 -45.5766485
-0.272926 -8.8043605
-0.272926 -8.8043605
-0.272926 -8.8043605
-0.272926 -8.8043605
-0.26152 -8.807212
-0.26152 -8.807212
-0.26152 -8.807212
-0.26152 -8.807212
-0.26152 -8.807212
-0.26152 -17.628484
-0.264402 -17.628484
-0.264402 -17.628484
-0.264402 -17.628484
0.1936395 -17.742994375
0.1936395 -17.742994375
0.1936395 -8.921722375
0.1936395 -8.921722375
0.1936395 -8.921722375
0.1994075 -8.921722375
0.1994075 -8.921722375
0.1994075 -8.921722375
0.1994075 -8.921722375
0.1994075 -8.921722375
0.9797075 -9.116797375
0.9797075 -9.116797375
0.9797075 -9.116797375
0.9797075 -18.052297375
0.9797075 -18.052297375
0.984044 -18.052297375
0.984044 -18.052297375
0.984044 -18.052297375
0.984044 -18.052297375
0.54296 -17.942026375
0.54296 -17.942026375
0.54296 -17.942026375
0.54296 -17.942026375
0.54296 -17.942026375
0.54296 -24.521917
0.54296 -24.521917
0.54296 -24.521917
0.54296 -24.521917
0.54296 -24.521917
0.8871675 -24.521917
0.8871675 -24.521917
0.536454 -24.434238625
0.536454 -24.434238625
0.536454 -24.434238625
0.536454 -24.434238625
0.536454 -24.434238625
0.536454 -24.434238625
0.536454 -17.679963625
0.536454 -17.679963625
0.536454 -17.679963625
0.536454 -17.679963625
0.536454 -17.679963625
0.536454 -17.679963625
0.9904625 -17.679963625
0.9904625 -17.679963625
1.346836 -17.769057
1.346836 -17.769057
1.346836 -17.769057
1.346836 -12.762889
1.346836 -12.762889
0.276728 -12.762889
0.276728 -12.762889
0.276728 -12.762889
0.2582745 -12.758275625
0.2582745 -12.758275625
0.2582745 -33.3457375
0.2582745 -33.3457375
0.2582745 -33.3457375
0.8827265 -33.3457375
1.13932 -33.409885875
1.13932 -33.409885875
1.13932 -33.409885875
1.13932 -33.409885875
1.13932 -9.100715875
0.7795375 -9.100715875
0.7795375 -9.100715875
0.7795375 -9.100715875
0.53432 -9.0394115
0.53432 -9.0394115
0.53432 -9.0394115
0.53432 -9.0394115
0.53432 -9.0394115
0.53432 -9.0394115
0.53432 -9.0394115
0.53432 -9.0394115
0.53432 -9.0394115
0.53432 -9.0394115
0.53432 -24.67912
0.2746385 -24.67912
0.2746385 -24.67912
0.276056 -24.679474375
0.276056 -24.679474375
0.276056 -24.679474375
0.276056 -8.973335875
0.276056 -8.973335875
0.276056 -8.973335875
0.5357375 -8.973335875
0.185024 -8.8856575
0.185024 -8.8856575
0.185024 -8.8856575
0.185024 -8.854881625
0.185024 -8.854881625
0.185024 -8.854881625
0.18791 -8.854881625
0.18791 -8.854881625
0.18791 -8.854881625
0.18791 -8.854881625
0.18791 -8.854881625
0.18791 -24.514791625
1.0058625 -24.514791625
1.0058625 -24.514791625
1.0058625 -24.514791625
1.0124385 -24.516435625
1.0124385 -24.516435625
1.0124385 -8.9537315
1.0124385 -8.9537315
1.0124385 -8.9537315
0.194486 -8.9537315
0.194486 -8.9537315
-0.27004 -8.8376
-0.27004 -24.400304125
-0.27004 -24.400304125
-0.27004 -24.400304125
-0.27004 -24.400304125
0.54213 -24.400304125
0.54213 -24.400304125
0.54213 -24.400304125
0.54213 -24.400304125
0.54213 -24.400304125
0.54213 -24.400304125
1.343696 -24.600695625
1.343696 -24.600695625
1.343696 -17.8830975
0.88007 -17.8830975
0.88007 -17.8830975
1.1358915 -17.947052875
1.1358915 -17.947052875
1.1358915 -17.947052875
1.1358915 -24.664651
1.1358915 -24.664651
1.1358915 -24.664651
1.5995175 -24.664651
1.5995175 -24.664651
1.795056 -24.713535625
1.795056 -24.713535625
1.795056 -24.713535625
1.795056 -17.9959375
0.5224385 -17.9959375
0.5224385 -17.9959375
0.5224385 -17.9959375
-0.257764 -17.800886875
-0.257764 -17.800886875
-0.257764 -17.800886875
-0.257764 -17.683657
-0.257764 -17.683657
-0.257764 -17.683657
-0.257764 -17.683657
-0.257764 -17.683657
-0.257764 -17.683657
-0.25992 -17.683657
-0.25992 -17.683657
-0.25992 -17.683657
0.5202825 -17.878707625
0.5202825 -17.878707625
0.5202825 -17.878707625
0.5202825 -24.632982625
0.5202825 -24.632982625
1.3231025 -24.632982625
1.3231025 -24.632982625
1.4595845 -24.667103125
1.4595845 -24.667103125
1.4595845 -24.667103125
1.4595845 -24.667103125
1.4595845 -24.667103125
1.4595845 -24.667103125
1.4595845 -83.300115125
1.1136 -83.300115125
1.1136 -83.300115125
1.1136 -83.300115125
1.1136 -83.300115125
1.1136 -83.300115125
0.7815795 -83.21711
0.7815795 -83.21711
0.7815795 -83.21711
0.7815795 -83.472155375
0.7815795 -83.472155375
0.522284 -83.472155375
0.522284 -83.472155375
0.522284 -83.472155375
0.522284 -83.472155375
0.8579765 -83.5560785
0.8579765 -83.5560785
0.8579765 -83.5560785
0.8579765 -83.5560785
0.8579765 -83.5560785
0.8579765 -83.5560785
0.8579765 -83.5560785
0.8579765 -61.94368
0.8579765 -61.94368
0.8579765 -61.94368
1.120154 -61.94368
1.120154 -61.94368
1.120154 -61.94368
1.120154 -61.94368
1.120154 -61.94368
1.11832 -61.9432215
1.11832 -61.9432215
1.11832 -61.9432215
1.11832 -61.9432215
1.11832 -61.9432215
1.11832 -61.9432215
1.11832 -6.3366
1.11832 -6.3366
1.11832 -6.3366
1.4747585 -6.3366
1.4747585 -6.3366
1.4747585 -6.3366
1.4747585 -6.3366
1.4747585 -6.3366
1.4747585 -6.3366
1.4747585 -6.3366
1.4747585 -6.3366
1.4747585 -6.3366
1.4747585 -6.3366
1.4747585 -6.3366
1.4747585 -6.3366
1.4747585 -6.3366
1.4747585 -6.3366
1.4747585 -6.3366
1.466416 -6.3366
1.466416 -6.3366
1.466416 -6.3366
1.466416 -6.3366
1.141136 -6.25528
1.141136 -6.25528
1.141136 -6.25528
1.141136 -6.25528
1.141136 -6.25528
1.141136 -17.892124
1.141136 -17.892124
1.141136 -17.892124
1.141136 -17.892124
1.141136 -17.892124
1.141136 -17.892124
1.141136 -17.892124
2.23535 -17.892124
2.23535 -17.892124
2.23535 -17.892124
2.23535 -17.892124
2.420192 -17.9383345
2.420192 -17.9383345
2.420192 -17.9383345
2.420192 -17.9383345
2.420192 -17.9383345
2.420192 -17.9383345
2.420192 -17.9383345
2.420192 -17.9383345
2.420192 -17.9383345
2.420192 -17.9383345
2.420192 -17.878178125
2.420192 -17.878178125
0.9880005 -17.878178125
0.9880005 -17.878178125
0.9880005 -17.878178125
0.7982625 -17.830743625
0.7982625 -17.830743625
0.7982625 -17.830743625
0.7982625 -9.1028675
1.139574 -9.1028675
1.139574 -9.1028675
1.139574 -9.1028675
1.139574 -9.1028675
1.139574 -9.1028675
1.139574 -9.1028675
1.139574 -9.1028675
1.139574 -9.1028675
1.139574 -12.824575625
1.139574 -12.824575625
1.139574 -12.824575625
1.139574 -12.824575625
1.139574 -12.824575625
1.139574 -12.824575625
1.139574 -12.824575625
1.139574 -12.824575625
1.139574 -12.824575625
0.5512275 -12.677489
0.5512275 -12.677489
0.5512275 -12.677489
0.5512275 -12.677489
0.5512275 -12.677489
0.5512275 -12.677489
0.5512275 -12.677489
0.5512275 -12.677489
0.5512275 -12.677489
0.5512275 -12.677489
0.5512275 -12.677489
0.5512275 -12.677489
-0.059884 -12.677489
-0.059884 -12.677489
-0.059884 -12.677489
-0.059884 -12.677489
0.9663685 -12.934052125
0.9663685 -12.934052125
0.9663685 -12.934052125
0.9663685 -12.934052125
0.9663685 -12.934052125
0.9663685 -12.934052125
0.9663685 -6.3142965
0.9663685 -6.3142965
0.9663685 -6.3142965
0.9663685 -6.3142965
0.6216125 -6.3142965
0.6216125 -6.3142965
0.6216125 -6.3142965
0.6216125 -6.3142965
0.6216125 -6.3142965
0.180024 -6.203899375
0.180024 -6.203899375
0.180024 -6.203899375
0.180024 -6.203899375
0.180024 -6.302515375
0.180024 -6.302515375
0.180024 -6.302515375
0.180024 -6.302515375
0.180024 -6.302515375
0.322592 -6.302515375
0.322592 -6.302515375
0.322592 -6.302515375
0.322592 -6.302515375
0.322592 -6.302515375
0.322592 -6.302515375
0.0639245 -6.2378485
0.0639245 -9.0040405
0.0639245 -9.0040405
0.0639245 -9.0040405
0.0639245 -9.0040405
0.0639245 -9.0040405
0.0660765 -9.0040405
0.0660765 -9.0040405
0.0660765 -9.0040405
0.0660765 -9.0040405
0.0660765 -9.0040405
-0.7174435 -8.8081605
-0.7174435 -8.8081605
-0.7174435 -6.0419685
-0.7174435 -6.0419685
-0.7174435 -6.0419685
-0.86123 -6.0419685
-0.86123 -6.0419685
-0.86123 -6.0419685
-0.411904 -6.1543
-0.411904 -6.1543
-0.411904 -6.1543
-0.411904 -12.631635625
-0.411904 -12.631635625
-0.411904 -12.631635625
-0.411904 -12.631635625
-0.411904 -12.631635625
-0.865024 -12.518355625
-0.865024 -45.437490625
-0.865024 -45.437490625
-0.7212375 -45.437490625
-0.7212375 -45.437490625
-0.7212375 -45.437490625
0.3284265 -45.699906625
0.3284265 -45.699906625
0.3284265 -9.1028675
0.3284265 -9.1028675
0.3284265 -9.1028675
0.18464 -9.1028675
0.18464 -9.1028675
-0.0677665 -9.039765875
-0.0677665 -9.039765875
-0.0677665 -24.521917
-0.0677665 -24.521917
-0.0687 -24.521917
-0.0687 -24.521917
-0.0687 -24.521917
-0.0687 -24.521917
-0.0687 -24.521917
-0.0687 -6.289858375
-0.0687 -6.289858375
-0.0687 -6.289858375
-0.066832 -6.289858375
-0.066832 -6.289858375
-0.843272 -6.095748375
-0.843272 -6.095748375
-0.843272 -6.095748375
-0.843272 1.35507
-0.843272 1.35507
-0.843272 1.35507
-0.843272 1.35507
-0.843272 1.35507
-0.0796255 1.164158375
-0.0796255 1.164158375
-0.0796255 1.164158375
-0.0796255 -627.143275625
-0.08056 -627.143275625
-0.08056 -627.143275625
0.514816 -627.292119625
0.514816 -627.292119625
0.514816 -627.292119625
0.514816 -627.292119625
0.514816 -61.9432215
0.5138825 -61.9432215
0.5138825 -61.9432215
0.5138825 -61.9432215
0.512964 -61.942991875
0.512964 -61.942991875
0.512964 -46.061542375
0.512964 -46.061542375
0.512964 -46.061542375
0.512964 -46.061542375
0.512964 -46.061542375
0.6181625 -46.088308
0.6181625 -46.088308
0.6181625 -46.088308
0.6181625 1.618964
0.6200265 1.618964
0.6200265 1.618964
0.6200265 1.618964
0.6200265 1.618964
0.6999465 0.965104
0.6999465 0.965104
0.6999465 0.965104
0.6999465 0.965104
0.6999465 0.965104
0.6999465 0.965104
0.622404 0.984489625
0.622404 0.984489625
0.622404 0.978565625
0.622404 0.978565625
0.622404 0.978565625
0.7703595 0.978565625
0.8472155 0.959351625
0.8472155 0.959351625
0.8472155 0.959351625
0.8472155 0.959351625
0.8472155 1.800515625
1.04152 1.800515625
1.04152 1.800515625
1.04152 1.800515625
0.961492 1.820522625
0.961492 1.820522625
0.961492 -0.544192
0.961492 -0.544192
0.961492 -0.544192
1.2179095 -0.544192
1.2179095 -0.544192
1.22029 -0.544787125
1.22029 -0.544787125
1.22029 -0.544787125
1.22029 -45.258042
1.22029 -45.258042
0.9638725 -45.258042
0.8579765 -45.231568
0.8579765 -45.231568
0.8579765 -0.5886385
0.8579765 -0.5886385
0.8579765 -0.5886385
0.85424 -0.5886385
0.85424 -0.5886385
1.03847 -0.634696
1.03847 -0.634696
1.03847 -0.634696
1.03847 -0.634696
1.03847 -0.634696
1.03847 -0.634696
1.03847 -0.634696
1.03847 -0.634696
1.03847 -0.634696
1.03847 -0.634696
1.03847 -0.634696
1.03847 -0.634696
1.03847 -0.634696
1.03847 -0.634696
1.03847 -0.634696
1.03847 -0.634696
1.03847 -0.634696
1.03847 -0.634696
1.03847 -0.634696
1.03847 -0.634696
1.03847 -0.634696
1.03847 -0.634696
1.03847 -0.634696
1.03847 -0.634696
1.03847 -0.634696
1.03847 -0.634696
1.03847 -0.634696
