3.990
3.450
3.985
3.460
2.984
4.008
3.455
3.460
3.984
2.992
2.992
3.990
3.990
3.456
3.996
3.996
4.621
3.450
2.580
4.608
3.455
4.608
3.455
3.984
3.996
3.450
3.445
3.440
2.988
2.984
3.979
4.595
4.608
2.997
3.996
3.990
4.615
3.450
2.984
4.615
6.163
6.163
4.615
5.337
5.344
6.163
4.002
3.990
2.975
5.298
2.584
2.580
3.445
2.975
3.445
3.440
2.984
2.979
2.231
2.580
2.234
2.237
3.445
3.990
2.237
2.975
2.572
2.580
2.572
2.576
2.975
2.228
2.228
2.979
2.231
2.979
3.450
3.450
3.450
3.455
2.587
2.988
2.979
2.979
3.973
2.984
2.580
3.445
2.984
4.002
3.450
2.988
3.990
2.979
1.671
2.224
2.576
2.576
2.234
3.973
2.580
2.231
2.979
2.241
3.440
2.975
2.580
1.938
2.572
2.231
2.231
2.234
2.576
2.576
1.251
3.430
1.932
2.572
1.442
1.080
1.666
1.671
1.445
1.079
1.673
3.996
0.934
1.242
1.663
1.666
0.696
0.804
0.930
0.805
0.805
0.806
0.696
0.804
0.931
0.806
0.806
2.221
3.001
2.979
4.615
9.545
2.992
1.077
1.244
0.806
0.933
0.806
1.249
0.934
0.934
0.933
0.808
1.245
0.931
0.933
1.079
1.074
0.931
0.934
0.931
0.933
0.806
0.934
0.699
0.699
0.699
0.808
0.933
1.075
0.931
0.930
0.931
0.806
0.931
0.933
0.931
0.806
0.930
0.806
0.931
0.808
0.808
0.934
0.933
1.077
0.808
0.806
1.074
0.931
1.075
0.931
0.808
0.698
0.934
0.806
0.933
0.931
0.697
0.804
0.931
0.804
0.806
1.661
1.668
1.442
1.442
1.440
1.444
1.447
1.668
1.921
1.245
1.673
1.442
1.249
1.442
1.444
1.929
1.444
1.926
1.668
1.926
1.079
1.077
1.663
1.440
1.247
1.442
1.671
1.666
2.228
1.449
1.668
1.668
1.249
0.933
1.075
1.077
0.934
0.934
1.077
0.934
0.933
0.935
0.935
0.934
0.933
0.931
0.933
0.933
1.080
1.247
1.438
1.247
1.244
