0.00 0.94 0.91
0.94 0.94 0.92
0.00 0.88 0.91
0.32 0.88 0.90
0.88 0.88 0.89
0.88 0.88 0.89
0.88 0.88 0.89
0.82 0.82 0.88
0.71 0.82 0.87
0.77 0.77 0.86
0.66 0.77 0.85
0.77 0.88 0.86
0.82 0.82 0.85
0.60 0.82 0.85
0.77 0.77 0.84
0.66 0.94 0.80
1.03 1.03 0.86
0.88 0.88 0.86
0.47 0.88 0.86
0.88 0.88 0.86
0.82 0.82 0.86
0.71 0.82 0.86
0.82 0.82 0.86
0.82 0.82 0.86
0.82 0.82 0.85
0.72 0.72 0.85
0.52 0.72 0.84
0.82 0.82 0.84
0.77 0.77 0.84
0.56 0.77 0.84
0.77 0.77 0.84
0.77 0.82 0.84
0.90 1.00 0.78
1.26 1.45 0.80
1.32 1.32 0.81
0.62 1.32 0.82
1.32 1.32 0.83
1.10 1.10 0.84
0.65 1.10 0.84
1.26 1.26 0.85
1.58 1.58 0.86
1.38 1.38 0.87
0.65 1.20 0.88
0.77 1.20 0.89
1.20 1.20 0.89
1.20 1.38 0.90
1.58 1.58 0.91
1.32 1.32 0.92
0.58 1.20 0.92
1.20 1.20 0.93
1.20 1.20 0.93
1.20 1.20 0.94
1.20 1.20 0.94
1.20 1.20 0.95
1.20 1.32 0.95
1.32 1.32 0.96
1.20 1.58 0.97
1.45 1.45 0.97
0.90 1.45 0.98
1.25 1.25 0.98
0.87 1.10 0.99
0.86 1.10 0.99
1.10 1.10 0.99
1.10 1.10 0.99
1.10 1.10 0.99
1.07 1.07 1.00
0.94 0.94 0.99
0.70 0.94 0.99
0.94 0.94 0.99
0.94 0.94 0.99
0.94 0.94 0.99
0.94 1.00 0.99
1.10 1.10 0.99
1.20 1.20 0.99
1.20 1.20 0.99
1.10 1.32 1.00
1.32 1.32 1.00
1.20 1.32 1.00
1.32 1.32 1.01
1.32 1.32 1.01
1.20 1.20 1.01
0.97 1.20 1.02
1.20 1.20 1.02
1.20 1.20 1.02
1.20 1.20 1.02
1.20 1.20 1.02
1.20 1.20 1.03
1.20 1.20 1.03
1.20 1.20 1.03
1.20 1.20 1.03
1.20 1.20 1.03
1.07 1.07 1.02
0.80 1.10 1.03
1.00 1.00 1.02
0.78 1.00 1.02
1.00 1.00 1.02
1.00 1.00 1.02
1.00 1.00 1.02
1.00 1.00 1.02
1.00 1.00 1.02
0.88 0.88 1.02
0.63 0.88 1.02
0.94 0.94 1.02
1.00 1.00 1.03
1.07 1.39 1.03
1.45 1.45 1.03
1.17 1.20 1.03
0.64 1.20 1.04
1.32 1.32 1.04
1.45 1.45 1.04
1.14 1.14 1.04
0.40 1.20 1.04
1.32 1.32 1.05
1.32 1.32 1.05
1.20 1.83 1.05
1.83 1.83 1.06
1.32 1.91 1.06
